Usuarios
9, @71898998989989982
121, @Pepe_Gónzales
254, @StephaniaCominos
365, @AndreaStanislao
512, @RosaMosa
231, @EduardoPetardo
123, @EnriqueManrique
129, @casanova23
870, @venepositivo
758, @yosoylatorre
578, @pitiypo
893, @caribu_sol
467, @trapos232
788, @bandido121
443, @fuerza_bruta
0, @71898998989989982
1, @71898998989989982
2, @71898998989989982
3, @71898998989989982
4, @71898998989989982
5, @71898998989989982
6, @71898998989989982
7, @71898998989989982
8, @71898998989989982
9, @71898998989989982
Relaciones
254, 893, 1
231, 870, 5
231, 123, 1
123, 870, 15
123, 467, 6
129, 512, 10
870, 578, 7
870, 758, 1
758, 365, 9
578, 365, 4
893, 129, 3
788, 443, 11
0, 121, 4
1, 8, 5
1, 121, 5
2, 7, 6
2, 121, 6
3, 6, 7
3, 121, 7
4, 5, 8
4, 121, 8
5, 121, 9
6, 121, 10
7, 121, 11
8, 121, 12
8, 7, 99
